0.0000000 -0.0000078 -0.0000050
0.0402010 0.0000157 -0.0000052
0.0804020 0.0000392 -0.0000057
0.1206030 0.0000627 -0.0000065
0.1608040 0.0000862 -0.0000076
0.2010050 0.0001098 -0.0000090
0.2412060 0.0001333 -0.0000107
0.2814070 0.0001569 -0.0000127
0.3216080 0.0001804 -0.0000151
0.3618090 0.0002040 -0.0000177
0.4020101 0.0002275 -0.0000206
0.4422111 0.0002510 -0.0000239
0.4824121 0.0002745 -0.0000274
0.5226131 0.0002979 -0.0000313
0.5628141 0.0003213 -0.0000354
0.6030151 0.0003447 -0.0000399
0.6432161 0.0003680 -0.0000446
0.6834171 0.0003913 -0.0000496
0.7236181 0.0004145 -0.0000549
0.7638191 0.0004377 -0.0000604
0.8040201 0.0004608 -0.0000663
0.8442211 0.0004838 -0.0000724
0.8844221 0.0005067 -0.0000788
0.9246231 0.0005296 -0.0000854
0.9648241 0.0005524 -0.0000923
1.0050251 0.0005751 -0.0000995
1.0452261 0.0005977 -0.0001069
1.0854271 0.0006202 -0.0001146
1.1256281 0.0006427 -0.0001225
1.1658291 0.0006650 -0.0001306
1.2060302 0.0006872 -0.0001390
1.2462312 0.0007093 -0.0001476
1.2864322 0.0007313 -0.0001564
1.3266332 0.0007531 -0.0001654
1.3668342 0.0007749 -0.0001746
1.4070352 0.0007965 -0.0001841
1.4472362 0.0008180 -0.0001937
1.4874372 0.0008393 -0.0002036
1.5276382 0.0008605 -0.0002136
1.5678392 0.0008816 -0.0002238
1.6080402 0.0009025 -0.0002342
1.6482412 0.0009233 -0.0002448
1.6884422 0.0009439 -0.0002555
1.7286432 0.0009644 -0.0002664
1.7688442 0.0009848 -0.0002774
1.8090452 0.0010050 -0.0002886
1.8492462 0.0010250 -0.0002999
1.8894472 0.0010448 -0.0003114
1.9296482 0.0010645 -0.0003230
1.9698492 0.0010841 -0.0003348
2.0100503 0.0011034 -0.0003466
2.0502513 0.0011226 -0.0003586
2.0904523 0.0011417 -0.0003707
2.1306533 0.0011605 -0.0003828
2.1708543 0.0011792 -0.0003951
2.2110553 0.0011977 -0.0004075
2.2512563 0.0012160 -0.0004199
2.2914573 0.0012342 -0.0004325
2.3316583 0.0012522 -0.0004451
2.3718593 0.0012700 -0.0004578
2.4120603 0.0012876 -0.0004705
2.4522613 0.0013050 -0.0004833
2.4924623 0.0013223 -0.0004962
2.5326633 0.0013393 -0.0005091
2.5728643 0.0013562 -0.0005220
2.6130653 0.0013729 -0.0005350
2.6532663 0.0013894 -0.0005480
2.6934673 0.0014058 -0.0005611
2.7336683 0.0014219 -0.0005742
2.7738693 0.0014379 -0.0005873
2.8140704 0.0014537 -0.0006004
2.8542714 0.0014692 -0.0006135
2.8944724 0.0014847 -0.0006267
2.9346734 0.0014999 -0.0006398
2.9748744 0.0015149 -0.0006529
3.0150754 0.0015298 -0.0006660
3.0552764 0.0015444 -0.0006792
3.0954774 0.0015589 -0.0006923
3.1356784 0.0015732 -0.0007053
3.1758794 0.0015873 -0.0007184
3.2160804 0.0016013 -0.0007314
3.2562814 0.0016150 -0.0007444
3.2964824 0.0016286 -0.0007574
3.3366834 0.0016420 -0.0007703
3.3768844 0.0016552 -0.0007832
3.4170854 0.0016683 -0.0007961
3.4572864 0.0016811 -0.0008089
3.4974874 0.0016938 -0.0008216
3.5376884 0.0017064 -0.0008343
3.5778894 0.0017187 -0.0008470
3.6180905 0.0017309 -0.0008595
3.6582915 0.0017429 -0.0008721
3.6984925 0.0017547 -0.0008845
3.7386935 0.0017663 -0.0008969
3.7788945 0.0017778 -0.0009092
3.8190955 0.0017892 -0.0009215
3.8592965 0.0018003 -0.0009337
3.8994975 0.0018113 -0.0009458
3.9396985 0.0018221 -0.0009578
3.9798995 0.0018328 -0.0009698
4.0201005 0.0018433 -0.0009816
4.0603015 0.0018537 -0.0009934
4.1005025 0.0018639 -0.0010051
4.1407035 0.0018739 -0.0010167
4.1809045 0.0018838 -0.0010283
4.2211055 0.0018936 -0.0010397
4.2613065 0.0019031 -0.0010510
4.3015075 0.0019126 -0.0010623
4.3417085 0.0019219 -0.0010734
4.3819095 0.0019310 -0.0010845
4.4221106 0.0019400 -0.0010955
4.4623116 0.0019489 -0.0011064
4.5025126 0.0019576 -0.0011171
4.5427136 0.0019662 -0.0011278
4.5829146 0.0019746 -0.0011384
4.6231156 0.0019829 -0.0011489
4.6633166 0.0019911 -0.0011592
4.7035176 0.0019991 -0.0011695
4.7437186 0.0020070 -0.0011797
4.7839196 0.0020148 -0.0011897
4.8241206 0.0020225 -0.0011997
4.8643216 0.0020300 -0.0012096
4.9045226 0.0020374 -0.0012193
4.9447236 0.0020447 -0.0012290
4.9849246 0.0020518 -0.0012385
5.0251256 0.0020589 -0.0012480
5.0653266 0.0020658 -0.0012573
5.1055276 0.0020726 -0.0012665
5.1457286 0.0020793 -0.0012757
5.1859296 0.0020858 -0.0012847
5.2261307 0.0020923 -0.0012936
5.2663317 0.0020986 -0.0013024
5.3065327 0.0021049 -0.0013111
5.3467337 0.0021110 -0.0013197
5.3869347 0.0021170 -0.0013282
5.4271357 0.0021230 -0.0013366
5.4673367 0.0021288 -0.0013449
5.5075377 0.0021345 -0.0013531
5.5477387 0.0021401 -0.0013612
5.5879397 0.0021456 -0.0013691
5.6281407 0.0021510 -0.0013770
5.6683417 0.0021564 -0.0013848
5.7085427 0.0021616 -0.0013925
5.7487437 0.0021668 -0.0014000
5.7889447 0.0021718 -0.0014075
5.8291457 0.0021768 -0.0014149
5.8693467 0.0021816 -0.0014221
5.9095477 0.0021864 -0.0014293
5.9497487 0.0021911 -0.0014364
5.9899497 0.0021957 -0.0014434
6.0301508 0.0022003 -0.0014502
6.0703518 0.0022047 -0.0014570
6.1105528 0.0022091 -0.0014637
6.1507538 0.0022134 -0.0014703
6.1909548 0.0022176 -0.0014768
6.2311558 0.0022217 -0.0014832
6.2713568 0.0022258 -0.0014895
6.3115578 0.0022298 -0.0014957
6.3517588 0.0022337 -0.0015019
6.3919598 0.0022376 -0.0015079
6.4321608 0.0022413 -0.0015138
6.4723618 0.0022450 -0.0015197
6.5125628 0.0022487 -0.0015255
6.5527638 0.0022522 -0.0015312
6.5929648 0.0022558 -0.0015368
6.6331658 0.0022592 -0.0015423
6.6733668 0.0022626 -0.0015477
6.7135678 0.0022659 -0.0015530
6.7537688 0.0022691 -0.0015583
6.7939698 0.0022723 -0.0015635
6.8341709 0.0022755 -0.0015686
6.8743719 0.0022785 -0.0015736
6.9145729 0.0022816 -0.0015786
6.9547739 0.0022845 -0.0015834
6.9949749 0.0022874 -0.0015882
7.0351759 0.0022903 -0.0015929
7.0753769 0.0022931 -0.0015975
7.1155779 0.0022958 -0.0016021
7.1557789 0.0022985 -0.0016066
7.1959799 0.0023012 -0.0016110
7.2361809 0.0023038 -0.0016153
7.2763819 0.0023063 -0.0016196
7.3165829 0.0023088 -0.0016238
7.3567839 0.0023113 -0.0016279
7.3969849 0.0023137 -0.0016320
7.4371859 0.0023160 -0.0016360
7.4773869 0.0023183 -0.0016399
7.5175879 0.0023206 -0.0016438
7.5577889 0.0023228 -0.0016476
7.5979899 0.0023250 -0.0016513
7.6381910 0.0023272 -0.0016550
7.6783920 0.0023293 -0.0016586
7.7185930 0.0023313 -0.0016622
7.7587940 0.0023333 -0.0016656
7.7989950 0.0023353 -0.0016691
7.8391960 0.0023373 -0.0016724
7.8793970 0.0023392 -0.0016757
7.9195980 0.0023411 -0.0016790
7.9597990 0.0023429 -0.0016822
8.0000000 0.0023447 -0.0016853
